image: my_map_4.pgm
resolution: 0.050000
origin: [-2.356428, -23.864853, 0.000000]
negate: 0
occupied_thresh: 0.65
free_thresh: 0.196

