image: my_map_1.pgm
resolution: 0.020000
origin: [-10.000000, -33.040000, 0.000000]
negate: 0
occupied_thresh: 0.65
free_thresh: 0.196

